256 2048
97 25
116 194
112 375
89 395
126 573
116 712
23 772
80 908
26 1054
87 1183
117 1295
12 1413
105 1660
70 1723
20 1819
75 1951
135 126
194 202
189 354
234 502
235 546
169 691
198 866
164 1023
136 1047
142 1156
247 1327
182 1535
255 1607
160 1686
209 1810
223 2020
350 60
289 167
319 296
324 398
340 593
310 676
302 849
378 928
374 1049
349 1164
356 1344
359 1412
333 1634
371 1788
274 1856
277 2033
394 5
391 225
400 336
416 403
391 551
456 719
408 815
490 936
507 1131
451 1198
463 1326
493 1428
473 1587
464 1669
455 1891
471 2013
622 92
627 211
596 334
605 445
605 552
593 736
557 890
613 996
613 1046
576 1166
593 1404
515 1432
577 1659
566 1687
581 1902
555 1957
713 16
695 173
707 293
680 416
657 581
699 655
711 828
677 962
711 1149
689 1224
657 1302
696 1519
712 1641
751 1772
670 1811
680 2005
819 84
842 224
840 383
883 499
867 533
769 701
878 793
888 929
793 1048
812 1170
838 1323
846 1409
851 1536
821 1685
805 1822
867 2029
963 119
979 190
961 341
898 489
899 594
954 727
1009 838
931 1001
1020 1121
920 1179
936 1402
927 1509
955 1544
981 1734
1012 1793
1003 1997
1150 82
1090 149
1101 345
1093 476
1048 520
1104 674
1049 875
1059 1001
1149 1146
1071 1259
1114 1355
1064 1516
1120 1588
1143 1748
1140 1869
1071 1965
1201 38
1162 139
1271 305
1214 485
1188 584
1231 753
1186 847
1252 997
1181 1050
1214 1197
1190 1392
1263 1463
1153 1564
1167 1791
1261 1883
1212 1945
1288 112
1363 130
1375 307
1394 510
1356 592
1292 668
1297 877
1367 1012
1401 1097
1334 1231
1288 1303
1364 1512
1360 1663
1400 1692
1361 1888
1354 2047
1516 7
1453 184
1442 270
1471 463
1462 582
1495 680
1478 791
1520 1006
1484 1135
1447 1244
1457 1375
1510 1506
1504 1608
1448 1691
1441 1836
1502 2009
1586 49
1654 164
1579 302
1537 508
1615 582
1577 644
1549 771
1547 919
1538 1107
1599 1254
1623 1363
1537 1436
1552 1576
1643 1685
1620 1911
1619 2038
1759 89
1699 247
1759 286
1754 391
1676 584
1719 725
1689 892
1724 914
1723 1116
1711 1216
1780 1367
1708 1521
1717 1614
1705 1698
1773 1832
1683 1989
1909 111
1895 129
1802 341
1821 420
1812 540
1867 707
1853 796
1907 1010
1864 1054
1804 1229
1909 1351
1797 1450
1903 1654
1792 1704
1875 1887
1913 2006
1930 68
2032 238
1921 276
1961 408
1929 527
2040 647
1987 825
1931 990
2040 1024
1940 1212
2026 1376
2001 1422
1977 1550
2041 1703
1948 1807
2021 2011
